1990 55
1991 55.2
1993 55.6
1994 55.6
1995 55.8
1996 56.0
1997 55.9
1998 56.2
1999 56.6
2000 57.0
2001 57.2
2002 57.0
2003 57.0
2004 57.4
2005 57.8
2006 57.9
2007 58.1
2008 58.3
2009 58.5
2010 58.7
2011 58.9
2012 59.1
2013 59.3
2014 59.5
2015 59.7
2016 59.9
2017 60.1
2018 60.3
2019 60.5
2020 60.7
2021 60.9
2022 61.1
2023 61.3
2024 61.5
2025 61.7
2026 61.9
2027 62.1
2028 62.3
2029 62.5
2030 62.7
2031 62.9
2032 63.1
2033 63.3
2034 63.5
2035 63.5
2036 63.5
2037 63.5
2038 63.5
2039 63.5
2040 63.7
2041 63.9
2042 64.1
2043 64.3
2044 64.5
2045 64.7
2046 64.9
2047 65.1
2048 65.3
2049 65.5
2050 65.7
2051 65.9
2052 66.1
2053 66.3
2054 66.5
2055 66.7
2056 66.9
2057 67.1
2058 67.3
2059 67.5
2060 67.7
2061 67.9
2062 68.1
2063 68.3
2064 68.5
2065 68.7
2066 68.9
2067 69.1
2068 69.3
2069 69.5
2070 69.7
2071 69.9
2072 70.1
2073 70.3
2074 70.5
2075 70.7
2076 70.9
2077 71.1
2078 71.3
2079 71.5
2080 71.7
2081 71.9
2082 72.1
2083 72.3
2084 72.5
2085 72.7
2086 72.9
2087 73.1
2088 73.3
2089 73.5
2090 73.7
2091 73.9
2092 74.089
2093 74.289
2094 74.889
2095 75.089
2096 75.289
2097 75.489
2098 75.689
2099 75.9
2100 76.1